T1 16 7 17 13 16 21 12 16 4 2 22 21 16 25 
T2 15 24 14 17 5 7 11 23 1 22 20 16 4 5 9 17 22 17 
T3 9 8 6 20 25 11 24 21 9 14 22 1 3 20 16 19 2 22 4 
T4 22 2 20 14 5 24 23 22 20 16 7 6 23 12 
T5 25 24 
T6 20 7 14 19 10 
T7 15 25 12 16 22 17 16 20 
T8 11 9 25 11 8 23 6 23 4 11 23 17 12 22 16 14 
T9 22 2 11 
T10 21 1 8 9 18 4 1 9 23 23 19 
T11 22 4 15 22 11 13 25 23 12 19 12 8 11 25 2 9 3 15 
T12 23 17 24 7 9 4 9 17 3 6 12 11 
T13 18 25 25 5 14 2 3 2 20 16 9 7 15 13 15 19 2 6 16 
T14 6 22 1 9 7 20 12 12 6 24 16 25 23 
T15 5 14 
T16 9 15 12 
T17 1 18 15 13 10 8 14 15 23 6 23 22 8 6 
T18 2 19 17 8 17 
T19 9 17 25 13 5 18 21 21 6 
T20 21 1 10 10 10 17 25 1 17 7 23 
T21 15 6 19 16 24 
T22 25 18 
T23 9 9 
T24 23 15 16 19 10 21 14 8 23 1 17 7 
T25 17 10 12 23 9 3 14 14 22 5 15 10 6 7 7 14 15 3 14 
T26 20 7 15 15 22 22 13 24 16 21 18 7 7 6 
T27 16 9 20 4 5 1 20 16 6 1 22 22 17 1 10 20 
T28 18 10 12 16 8 
T29 15 23 21 9 6 5 14 14 20 22 8 25 3 10 20 19 
T30 20 17 13 12 18 24 8 12 16 19 
T31 9 4 25 23 1 23 8 9 2 21 
T32 21 20 
T33 22 24 15 16 17 6 13 9 19 
T34 3 19 8 16 12 4 16 20 7 15 19 9 12 1 17 13 
T35 13 10 19 18 7 18 7 22 9 13 11 19 8 
T36 21 1 21 12 12 24 4 6 7 18 1 15 5 1 7 19 
T37 19 
T38 19 12 12 11 20 10 22 9 21 17 16 6 15 19 
T39 1 7 1 6 13 7 23 15 22 2 16 3 23 
T40 23 3 11 
T41 14 24 6 23 20 14 20 13 7 1 2 25 3 4 6 6 
T42 20 14 7 12 
